Nobel Prize
https://www.nobelprize.org/

世界各大学诺贝尔奖人数
下表展示1901年至2018年世界各高校诺贝尔奖人数分布（只展示前30名）。

参见：各大學諾貝爾獎得主列表
排名	 大学	诺贝尔奖总人数	标准分*	物理	化学	生理或医学	经济	文学	和平
1	哈佛大学	 美國	158	100.0	34	37	41	30	8	8
2	剑桥大学	 英国	118	74.7	34	31	30	15	5	3
3	伯克利加州大学	美國	107	67.7	33	30	17	24	3	1**
4	芝加哥大学	美國	98	62.0	32	18	11	32	3	2
5	哥伦比亚大学	美國	96	60.8	33	15	22	15	5	6
6	麻省理工学院	美國	93	58.9	35	15	12	30	0	1
7	斯坦福大学	美國	83	52.5	26	13	16	26	2	1**
8	加州理工学院	美國	73	46.2	29	17	21	6	0	1**
9	牛津大学	英国	69	43.7	14	17	18	10	5	6**
10	普林斯顿大学	美國	65	41.1	27	9	4	19	5	1
11	耶鲁大学	美國	61	38.6	8	10	14	22	4	3
12	康奈尔大学	美國	58	36.7	21	12	14	5	4	2
13	柏林洪堡大学	德国	55	34.8	14	21	12	1	4	3
14	巴黎大学	法国	50	31.6	15	9***	10	4	6	7
15	哥廷根大学	德国	45	28.5	19	16	8	0	1	1
16	慕尼黑大学	德国	42	26.6	13	19	9	0	1	1**
17	哥本哈根大学	丹麦	39	24.7	19	7	8	3	2	1**
18	约翰霍普金斯大学	美國	37	23.4	4	8	16	5	1	3
    纽约大学	美國	37	23.4	3	4	12	14	2	2
20	洛克菲勒大学	美國	36	22.8	1	10	25	0	0	0
21	宾夕法尼亚大学	美國	35	22.2	4	10	10	11	0	0
22	伦敦大学学院	英国	33	20.9	4	7	19	2	1	0
23	苏黎世联邦理工学院	瑞士	32	20.3	11	17	4	0	0	0
24	伊利诺伊大学香槟分校	美國	30	19.0	11	5	11	3	0	0
25	明尼苏达大学	美國	29	18.4	7	4	4	12	2	0
26	圣地亚哥加州大学	美國	27	17.1	5	9	10	3	0	1**
    海德堡大学	德国	27	17.1	11	8	5	0	1	2
28	曼彻斯特大学	英国	25	15.8	11	9	2	3	0	0
    密歇根大学	美國	25	15.8	9	3	6	5	2	0
    威斯康辛大学麦迪逊分校	美國	25	15.8	5	7	10	2	1	0
